0.15	400
0.148148148	405
0.146341463	410
0.144578313	415
0.142857143	420
0.141176471	425
0.139534884	430
0.137931034	435
0.136363636	440
0.134831461	445
0.133333333	450
0.131868132	455
0.130434783	460
0.129032258	465
0.127659574	470
0.126315789	475
0.125	480
0.12371134	485
0.12244898	490
0.121212121	495
0.12	500
0.118811881	505
0.117647059	510
0.116504854	515
0.115384615	520
0.114285714	525
0.113207547	530
0.112149533	535
0.111111111	540
0.110091743	545
0.109090909	550
0.108108108	555
0.107142857	560
0.10619469	565
0.105263158	570
0.104347826	575
0.103448276	580
0.102564103	585
0.101694915	590
0.100840336	595
0.1	600
0.099173554	605
0.098360656	610
0.097560976	615
0.096774194	620
0.096	625
0.095238095	630
0.094488189	635
0.09375	640
0.093023256	645
0.092307692	650
0.091603053	655
0.090909091	660
0.090225564	665
0.089552239	670
0.088888889	675
0.088235294	680
0.087591241	685
0.086956522	690
0.086330935	695
0.085714286	700
0.085106383	705
0.084507042	710
0.083916084	715
0.083333333	720
0.082758621	725
0.082191781	730
0.081632653	735
0.081081081	740
0.080536913	745
0.08	750
0.079470199	755
0.078947368	760
0.078431373	765
0.077922078	770
0.077419355	775
0.076923077	780
0.076433121	785
0.075949367	790
0.075471698	795
0.075	800
0.074534161	805
0.074074074	810
0.073619632	815
0.073170732	820
0.072727273	825
0.072289157	830
0.071856287	835
0.071428571	840
0.071005917	845
0.070588235	850
0.070175439	855
0.069767442	860
0.069364162	865
0.068965517	870
0.068571429	875
0.068181818	880
0.06779661	885
0.06741573	890
0.067039106	895
0.066666667	900
0.066298343	905
0.065934066	910
0.06557377	915
0.065217391	920
0.064864865	925
0.064516129	930
0.064171123	935
0.063829787	940
0.063492063	945
0.063157895	950
0.062827225	955
0.0625	960
0.062176166	965
0.06185567	970
0.061538462	975
0.06122449	980
0.060913706	985
0.060606061	990
0.060301508	995
0.06	1000
0.059701493	1005
0.059405941	1010
0.0591133	1015
0.058823529	1020
0.058536585	1025
0.058252427	1030
0.057971014	1035
0.057692308	1040
0.057416268	1045
0.057142857	1050
0.056872038	1055
0.056603774	1060
0.056338028	1065
0.056074766	1070
0.055813953	1075
0.055555556	1080
0.055299539	1085
0.055045872	1090
0.054794521	1095
0.054545455	1100
0.054298643	1105
0.054054054	1110
0.053811659	1115
0.053571429	1120
0.053333333	1125
0.053097345	1130
0.052863436	1135
0.052631579	1140
0.052401747	1145
0.052173913	1150
0.051948052	1155
0.051724138	1160
0.051502146	1165
0.051282051	1170
0.05106383	1175
0.050847458	1180
0.050632911	1185
0.050420168	1190
0.050209205	1195
0.05	1200
0.049792531	1205
0.049586777	1210
0.049382716	1215
0.049180328	1220
0.048979592	1225
0.048780488	1230
0.048582996	1235
0.048387097	1240
0.048192771	1245
0.048	1250
0.047808765	1255
0.047619048	1260
0.04743083	1265
0.047244094	1270
0.047058824	1275
0.046875	1280
0.046692607	1285
0.046511628	1290
0.046332046	1295
0.046153846	1300
0.045977011	1305
0.045801527	1310
0.045627376	1315
0.045454545	1320
0.045283019	1325
0.045112782	1330
0.04494382	1335
0.044776119	1340
0.044609665	1345
0.044444444	1350
0.044280443	1355
0.044117647	1360
0.043956044	1365
0.04379562	1370
0.043636364	1375
0.043478261	1380
0.0433213	1385
0.043165468	1390
0.043010753	1395
0.042857143	1400
0.042704626	1405
0.042553191	1410
0.042402827	1415
0.042253521	1420
0.042105263	1425
0.041958042	1430
0.041811847	1435
0.041666667	1440
0.041522491	1445
0.04137931	1450
0.041237113	1455
0.04109589	1460
0.040955631	1465
0.040816327	1470
0.040677966	1475
0.040540541	1480
0.04040404	1485
0.040268456	1490
0.040133779	1495
0.04	1500
0.03986711	1505
0.039735099	1510
0.03960396	1515
0.039473684	1520
0.039344262	1525
0.039215686	1530
0.039087948	1535
0.038961039	1540
0.038834951	1545
0.038709677	1550
0.038585209	1555
0.038461538	1560
0.038338658	1565
0.038216561	1570
0.038095238	1575
0.037974684	1580
0.03785489	1585
0.037735849	1590
0.037617555	1595
0.0375	1600
0.037383178	1605
0.037267081	1610
0.037151703	1615
0.037037037	1620
0.036923077	1625
0.036809816	1630
0.036697248	1635
0.036585366	1640
0.036474164	1645
0.036363636	1650
0.036253776	1655
0.036144578	1660
0.036036036	1665
0.035928144	1670
0.035820896	1675
0.035714286	1680
0.035608309	1685
0.035502959	1690
0.03539823	1695
0.035294118	1700
0.035190616	1705
0.035087719	1710
0.034985423	1715
0.034883721	1720
0.034782609	1725
0.034682081	1730
0.034582133	1735
0.034482759	1740
0.034383954	1745
0.034285714	1750
0.034188034	1755
0.034090909	1760
0.033994334	1765
0.033898305	1770
0.033802817	1775
0.033707865	1780
0.033613445	1785
0.033519553	1790
0.033426184	1795
0.033333333	1800
0.033240997	1805
0.033149171	1810
0.033057851	1815
0.032967033	1820
0.032876712	1825
0.032786885	1830
0.032697548	1835
0.032608696	1840
0.032520325	1845
0.032432432	1850
0.032345013	1855
0.032258065	1860
0.032171582	1865
0.032085561	1870
0.032	1875
0.031914894	1880
0.031830239	1885
0.031746032	1890
0.031662269	1895
0.031578947	1900
0.031496063	1905
0.031413613	1910
0.031331593	1915
0.03125	1920
0.031168831	1925
0.031088083	1930
0.031007752	1935
0.030927835	1940
0.030848329	1945
0.030769231	1950
0.030690537	1955
0.030612245	1960
0.030534351	1965
0.030456853	1970
0.030379747	1975
0.03030303	1980
0.0302267	1985
0.030150754	1990
0.030075188	1995
0.03	2000
0.029925187	2005
0.029850746	2010
0.029776675	2015
0.02970297	2020
0.02962963	2025
0.02955665	2030
0.029484029	2035
0.029411765	2040
0.029339853	2045
0.029268293	2050
0.02919708	2055
0.029126214	2060
0.02905569	2065
0.028985507	2070
0.028915663	2075
0.028846154	2080
0.028776978	2085
0.028708134	2090
0.028639618	2095
0.028571429	2100
0.028503563	2105
0.028436019	2110
0.028368794	2115
0.028301887	2120
0.028235294	2125
0.028169014	2130
0.028103044	2135
0.028037383	2140
0.027972028	2145
0.027906977	2150
0.027842227	2155
0.027777778	2160
0.027713626	2165
0.02764977	2170
0.027586207	2175
0.027522936	2180
0.027459954	2185
0.02739726	2190
0.027334852	2195
0.027272727	2200
0.027210884	2205
0.027149321	2210
0.027088036	2215
0.027027027	2220
0.026966292	2225
0.02690583	2230
0.026845638	2235
0.026785714	2240
0.026726058	2245
0.026666667	2250
0.026607539	2255
0.026548673	2260
0.026490066	2265
0.026431718	2270
0.026373626	2275
0.026315789	2280
0.026258206	2285
0.026200873	2290
0.026143791	2295
0.026086957	2300
0.026030369	2305
0.025974026	2310
0.025917927	2315
0.025862069	2320
0.025806452	2325
0.025751073	2330
0.025695931	2335
0.025641026	2340
0.025586354	2345
0.025531915	2350
0.025477707	2355
0.025423729	2360
0.025369979	2365
0.025316456	2370
0.025263158	2375
0.025210084	2380
0.025157233	2385
0.025104603	2390
0.025052192	2395
0.025	2400
0.024948025	2405
0.024896266	2410
0.02484472	2415
0.024793388	2420
0.024742268	2425
0.024691358	2430
0.024640657	2435
0.024590164	2440
0.024539877	2445
0.024489796	2450
0.024439919	2455
0.024390244	2460
0.024340771	2465
0.024291498	2470
0.024242424	2475
0.024193548	2480
0.024144869	2485
0.024096386	2490
0.024048096	2495
0.024	2500
0.023952096	2505
0.023904382	2510
0.023856859	2515
0.023809524	2520
0.023762376	2525
0.023715415	2530
0.023668639	2535
0.023622047	2540
0.023575639	2545
0.023529412	2550
0.023483366	2555
0.0234375	2560
0.023391813	2565
0.023346304	2570
0.023300971	2575
0.023255814	2580
0.023210832	2585
0.023166023	2590
0.023121387	2595
0.023076923	2600
0.02303263	2605
0.022988506	2610
0.022944551	2615
0.022900763	2620
0.022857143	2625
0.022813688	2630
0.022770398	2635
0.022727273	2640
0.02268431	2645
0.022641509	2650
0.02259887	2655
0.022556391	2660
0.022514071	2665
0.02247191	2670
0.022429907	2675
0.02238806	2680
0.022346369	2685
0.022304833	2690
0.022263451	2695
0.022222222	2700
0.022181146	2705
0.022140221	2710
0.022099448	2715
0.022058824	2720
0.022018349	2725
0.021978022	2730
0.021937843	2735
0.02189781	2740
0.021857923	2745
0.021818182	2750
0.021778584	2755
0.02173913	2760
0.021699819	2765
0.02166065	2770
0.021621622	2775
0.021582734	2780
0.021543986	2785
0.021505376	2790
0.021466905	2795
0.021428571	2800
0.021390374	2805
0.021352313	2810
0.021314387	2815
0.021276596	2820
0.021238938	2825
0.021201413	2830
0.021164021	2835
0.021126761	2840
0.021089631	2845
0.021052632	2850
0.021015762	2855
0.020979021	2860
0.020942408	2865
0.020905923	2870
0.020869565	2875
0.020833333	2880
0.020797227	2885
0.020761246	2890
0.020725389	2895
0.020689655	2900
0.020654045	2905
0.020618557	2910
0.02058319	2915
0.020547945	2920
0.020512821	2925
0.020477816	2930
0.02044293	2935
0.020408163	2940
0.020373514	2945
0.020338983	2950
0.020304569	2955
0.02027027	2960
0.020236088	2965
0.02020202	2970
0.020168067	2975
0.020134228	2980
0.020100503	2985
0.02006689	2990
0.020033389	2995
0.02	3000
0.019966722	3005
0.019933555	3010
0.019900498	3015
0.01986755	3020
0.019834711	3025
0.01980198	3030
0.019769357	3035
0.019736842	3040
0.019704433	3045
0.019672131	3050
0.019639935	3055
0.019607843	3060
0.019575856	3065
0.019543974	3070
0.019512195	3075
0.019480519	3080
0.019448947	3085
0.019417476	3090
0.019386107	3095
0.019354839	3100
