0.15	400
0.146341463	410
0.142857143	420
0.139534884	430
0.136363636	440
0.133333333	450
0.130434783	460
0.127659574	470
0.125	480
0.12244898	490
0.12	500
0.117647059	510
0.115384615	520
0.113207547	530
0.111111111	540
0.109090909	550
0.107142857	560
0.105263158	570
0.103448276	580
0.101694915	590
0.1	600
0.098360656	610
0.096774194	620
0.095238095	630
0.09375	640
0.092307692	650
0.090909091	660
0.089552239	670
0.088235294	680
0.086956522	690
0.085714286	700
0.084507042	710
0.083333333	720
0.082191781	730
0.081081081	740
0.08	750
0.078947368	760
0.077922078	770
0.076923077	780
0.075949367	790
0.075	800
0.074074074	810
0.073170732	820
0.072289157	830
0.071428571	840
0.070588235	850
0.069767442	860
0.068965517	870
0.068181818	880
0.06741573	890
0.066666667	900
0.065934066	910
0.065217391	920
0.064516129	930
0.063829787	940
0.063157895	950
0.0625	960
0.06185567	970
0.06122449	980
0.060606061	990
0.06	1000
0.059405941	1010
0.058823529	1020
0.058252427	1030
0.057692308	1040
0.057142857	1050
0.056603774	1060
0.056074766	1070
0.055555556	1080
0.055045872	1090
0.054545455	1100
0.054054054	1110
0.053571429	1120
0.053097345	1130
0.052631579	1140
0.052173913	1150
0.051724138	1160
0.051282051	1170
0.050847458	1180
0.050420168	1190
0.05	1200
0.049586777	1210
0.049180328	1220
0.048780488	1230
0.048387097	1240
0.048	1250
0.047619048	1260
0.047244094	1270
0.046875	1280
0.046511628	1290
0.046153846	1300
0.045801527	1310
0.045454545	1320
0.045112782	1330
0.044776119	1340
0.044444444	1350
0.044117647	1360
0.04379562	1370
0.043478261	1380
0.043165468	1390
0.042857143	1400
0.042553191	1410
0.042253521	1420
0.041958042	1430
0.041666667	1440
0.04137931	1450
0.04109589	1460
0.040816327	1470
0.040540541	1480
0.040268456	1490
0.04	1500
0.039735099	1510
0.039473684	1520
0.039215686	1530
0.038961039	1540
0.038709677	1550
0.038461538	1560
0.038216561	1570
0.037974684	1580
0.037735849	1590
0.0375	1600
0.037267081	1610
0.037037037	1620
0.036809816	1630
0.036585366	1640
0.036363636	1650
0.036144578	1660
0.035928144	1670
0.035714286	1680
0.035502959	1690
0.035294118	1700
0.035087719	1710
0.034883721	1720
0.034682081	1730
0.034482759	1740
0.034285714	1750
0.034090909	1760
0.033898305	1770
0.033707865	1780
0.033519553	1790
0.033333333	1800
0.033149171	1810
0.032967033	1820
0.032786885	1830
0.032608696	1840
0.032432432	1850
0.032258065	1860
0.032085561	1870
0.031914894	1880
0.031746032	1890
0.031578947	1900
0.031413613	1910
0.03125	1920
0.031088083	1930
0.030927835	1940
0.030769231	1950
0.030612245	1960
0.030456853	1970
0.03030303	1980
0.030150754	1990
0.03	2000
0.029850746	2010
0.02970297	2020
0.02955665	2030
0.029411765	2040
0.029268293	2050
0.029126214	2060
0.028985507	2070
0.028846154	2080
0.028708134	2090
0.028571429	2100
0.028436019	2110
0.028301887	2120
0.028169014	2130
0.028037383	2140
0.027906977	2150
0.027777778	2160
0.02764977	2170
0.027522936	2180
0.02739726	2190
0.027272727	2200
0.027149321	2210
0.027027027	2220
0.02690583	2230
0.026785714	2240
0.026666667	2250
0.026548673	2260
0.026431718	2270
0.026315789	2280
0.026200873	2290
0.026086957	2300
0.025974026	2310
0.025862069	2320
0.025751073	2330
0.025641026	2340
0.025531915	2350
0.025423729	2360
0.025316456	2370
0.025210084	2380
0.025104603	2390
0.025	2400
0.024896266	2410
0.024793388	2420
0.024691358	2430
0.024590164	2440
0.024489796	2450
0.024390244	2460
0.024291498	2470
0.024193548	2480
0.024096386	2490
0.024	2500
0.023904382	2510
0.023809524	2520
0.023715415	2530
0.023622047	2540
0.023529412	2550
0.0234375	2560
0.023346304	2570
0.023255814	2580
0.023166023	2590
0.023076923	2600
0.022988506	2610
0.022900763	2620
0.022813688	2630
0.022727273	2640
0.022641509	2650
0.022556391	2660
0.02247191	2670
0.02238806	2680
0.022304833	2690
0.022222222	2700
0.022140221	2710
0.022058824	2720
0.021978022	2730
0.02189781	2740
0.021818182	2750
0.02173913	2760
0.02166065	2770
0.021582734	2780
0.021505376	2790
0.021428571	2800
0.021352313	2810
0.021276596	2820
0.021201413	2830
0.021126761	2840
0.021052632	2850
0.020979021	2860
0.020905923	2870
0.020833333	2880
0.020761246	2890
0.020689655	2900
0.020618557	2910
0.020547945	2920
0.020477816	2930
0.020408163	2940
0.020338983	2950
0.02027027	2960
0.02020202	2970
0.020134228	2980
0.02006689	2990
0.02	3000
0.019933555	3010
0.01986755	3020
0.01980198	3030
0.019736842	3040
0.019672131	3050
0.019607843	3060
0.019543974	3070
0.019480519	3080
0.019417476	3090
0.019354839	3100
0.019292605	3110
0.019230769	3120
0.019169329	3130
0.01910828	3140
0.019047619	3150
0.018987342	3160
0.018927445	3170
0.018867925	3180
0.018808777	3190
0.01875	3200
0.018691589	3210
0.01863354	3220
0.018575851	3230
0.018518519	3240
0.018461538	3250
0.018404908	3260
0.018348624	3270
0.018292683	3280
0.018237082	3290
0.018181818	3300
0.018126888	3310
0.018072289	3320
0.018018018	3330
0.017964072	3340
0.017910448	3350
0.017857143	3360
0.017804154	3370
0.017751479	3380
0.017699115	3390
0.017647059	3400
0.017595308	3410
0.01754386	3420
0.017492711	3430
0.01744186	3440
0.017391304	3450
0.01734104	3460
0.017291066	3470
0.017241379	3480
0.017191977	3490
0.017142857	3500
0.017094017	3510
0.017045455	3520
0.016997167	3530
0.016949153	3540
0.016901408	3550
0.016853933	3560
0.016806723	3570
0.016759777	3580
0.016713092	3590
0.016666667	3600
0.016620499	3610
0.016574586	3620
0.016528926	3630
0.016483516	3640
0.016438356	3650
0.016393443	3660
0.016348774	3670
0.016304348	3680
0.016260163	3690
0.016216216	3700
0.016172507	3710
0.016129032	3720
0.016085791	3730
0.016042781	3740
0.016	3750
0.015957447	3760
0.015915119	3770
0.015873016	3780
0.015831135	3790
0.015789474	3800
0.015748031	3810
0.015706806	3820
0.015665796	3830
0.015625	3840
0.015584416	3850
0.015544041	3860
0.015503876	3870
0.015463918	3880
0.015424165	3890
0.015384615	3900
0.015345269	3910
0.015306122	3920
0.015267176	3930
0.015228426	3940
0.015189873	3950
0.015151515	3960
0.01511335	3970
0.015075377	3980
0.015037594	3990
0.015	4000
0.014962594	4010
0.014925373	4020
0.014888337	4030
0.014851485	4040
0.014814815	4050
0.014778325	4060
0.014742015	4070
0.014705882	4080
0.014669927	4090
0.014634146	4100
0.01459854	4110
0.014563107	4120
0.014527845	4130
0.014492754	4140
0.014457831	4150
0.014423077	4160
0.014388489	4170
0.014354067	4180
0.014319809	4190
0.014285714	4200
0.014251781	4210
0.014218009	4220
0.014184397	4230
0.014150943	4240
0.014117647	4250
0.014084507	4260
0.014051522	4270
0.014018692	4280
0.013986014	4290
0.013953488	4300
0.013921114	4310
0.013888889	4320
0.013856813	4330
0.013824885	4340
0.013793103	4350
0.013761468	4360
0.013729977	4370
0.01369863	4380
0.013667426	4390
0.013636364	4400
0.013605442	4410
0.013574661	4420
0.013544018	4430
0.013513514	4440
0.013483146	4450
0.013452915	4460
0.013422819	4470
0.013392857	4480
0.013363029	4490
0.013333333	4500
0.013303769	4510
0.013274336	4520
0.013245033	4530
0.013215859	4540
0.013186813	4550
0.013157895	4560
0.013129103	4570
0.013100437	4580
0.013071895	4590
0.013043478	4600
0.013015184	4610
0.012987013	4620
0.012958963	4630
0.012931034	4640
0.012903226	4650
0.012875536	4660
0.012847966	4670
0.012820513	4680
0.012793177	4690
0.012765957	4700
0.012738854	4710
0.012711864	4720
0.012684989	4730
0.012658228	4740
0.012631579	4750
0.012605042	4760
0.012578616	4770
0.012552301	4780
0.012526096	4790
0.0125	4800
0.012474012	4810
0.012448133	4820
0.01242236	4830
0.012396694	4840
0.012371134	4850
0.012345679	4860
0.012320329	4870
0.012295082	4880
0.012269939	4890
0.012244898	4900
0.012219959	4910
0.012195122	4920
0.012170385	4930
0.012145749	4940
0.012121212	4950
0.012096774	4960
0.012072435	4970
0.012048193	4980
0.012024048	4990
0.012	5000
0.011976048	5010
0.011952191	5020
0.011928429	5030
0.011904762	5040
0.011881188	5050
0.011857708	5060
0.01183432	5070
0.011811024	5080
0.011787819	5090
0.011764706	5100
0.011741683	5110
0.01171875	5120
0.011695906	5130
0.011673152	5140
0.011650485	5150
0.011627907	5160
0.011605416	5170
0.011583012	5180
0.011560694	5190
0.011538462	5200
0.011516315	5210
0.011494253	5220
0.011472275	5230
0.011450382	5240
0.011428571	5250
0.011406844	5260
0.011385199	5270
0.011363636	5280
0.011342155	5290
0.011320755	5300
0.011299435	5310
0.011278195	5320
0.011257036	5330
0.011235955	5340
0.011214953	5350
0.01119403	5360
0.011173184	5370
0.011152416	5380
0.011131725	5390
0.011111111	5400
0.011090573	5410
0.011070111	5420
0.011049724	5430
0.011029412	5440
0.011009174	5450
0.010989011	5460
0.010968921	5470
0.010948905	5480
0.010928962	5490
0.010909091	5500
0.010889292	5510
0.010869565	5520
0.01084991	5530
0.010830325	5540
0.010810811	5550
0.010791367	5560
0.010771993	5570
0.010752688	5580
0.010733453	5590
0.010714286	5600
0.010695187	5610
0.010676157	5620
0.010657194	5630
0.010638298	5640
0.010619469	5650
0.010600707	5660
0.010582011	5670
0.01056338	5680
0.010544815	5690
0.010526316	5700
0.010507881	5710
0.01048951	5720
0.010471204	5730
0.010452962	5740
0.010434783	5750
0.010416667	5760
0.010398614	5770
0.010380623	5780
0.010362694	5790
0.010344828	5800
0.010327022	5810
0.010309278	5820
0.010291595	5830
0.010273973	5840
0.01025641	5850
0.010238908	5860
0.010221465	5870
0.010204082	5880
0.010186757	5890
0.010169492	5900
0.010152284	5910
0.010135135	5920
0.010118044	5930
0.01010101	5940
0.010084034	5950
0.010067114	5960
0.010050251	5970
0.010033445	5980
0.010016694	5990
0.01	6000
0.009983361	6010
0.009966777	6020
0.009950249	6030
0.009933775	6040
0.009917355	6050
0.00990099	6060
0.009884679	6070
0.009868421	6080
0.009852217	6090
0.009836066	6100
0.009819967	6110
0.009803922	6120
0.009787928	6130
0.009771987	6140
0.009756098	6150
0.00974026	6160
0.009724473	6170
0.009708738	6180
0.009693053	6190
0.009677419	6200
0.009661836	6210
0.009646302	6220
0.009630819	6230
0.009615385	6240
0.0096	6250
0.009584665	6260
0.009569378	6270
0.00955414	6280
0.009538951	6290
0.00952381	6300
0.009508716	6310
0.009493671	6320
0.009478673	6330
0.009463722	6340
0.009448819	6350
0.009433962	6360
0.009419152	6370
0.009404389	6380
0.009389671	6390
0.009375	6400
0.009360374	6410
0.009345794	6420
0.00933126	6430
0.00931677	6440
0.009302326	6450
0.009287926	6460
0.00927357	6470
0.009259259	6480
0.009244992	6490
0.009230769	6500
0.00921659	6510
0.009202454	6520
0.009188361	6530
0.009174312	6540
0.009160305	6550
0.009146341	6560
0.00913242	6570
0.009118541	6580
0.009104704	6590
0.009090909	6600
0.009077156	6610
0.009063444	6620
0.009049774	6630
0.009036145	6640
0.009022556	6650
0.009009009	6660
0.008995502	6670
0.008982036	6680
0.00896861	6690
0.008955224	6700
0.008941878	6710
0.008928571	6720
0.008915305	6730
0.008902077	6740
0.008888889	6750
0.00887574	6760
0.008862629	6770
0.008849558	6780
0.008836524	6790
0.008823529	6800
0.008810573	6810
0.008797654	6820
0.008784773	6830
0.00877193	6840
0.008759124	6850
0.008746356	6860
0.008733624	6870
0.00872093	6880
0.008708273	6890
0.008695652	6900
0.008683068	6910
0.00867052	6920
0.008658009	6930
0.008645533	6940
0.008633094	6950
0.00862069	6960
0.008608321	6970
0.008595989	6980
0.008583691	6990
0.008571429	7000
